[array([[  4,   1,  19, ..., 746,   1,   3],
       [  4,   1,  19, ..., 746,   1,   3],
       [  4,   1,  19, ..., 746,   1,   3],
       ...,
       [  4,   1,  41, ..., 746,   1,   3],
       [  4,   1,  27, ..., 146,   1,   3],
       [  4,   1,  41, ..., 746,   1,   3]]), array([[  4,   1,  20, ..., 746,   1,   3],
       [  4,   1,  65, ...,   0,   0,   0],
       [  4,   1, 746, ...,   0,   0,   0],
       ...,
       [  4,   1, 746, ...,  10,   1,   3],
       [  4,   1, 746, ...,  10,   1,   3],
       [  4,   1, 746, ...,  10,   1,   3]]), array([[4.18000000e+02, 4.18000000e+02, 4.18000000e+02, ...,
        0.00000000e+00, 8.00000000e+00, 7.69230769e-02],
       [4.18000000e+02, 4.18000000e+02, 4.18000000e+02, ...,
        1.80000000e+01, 2.90000000e+01, 2.50000000e-01],
       [4.18000000e+02, 4.18000000e+02, 4.18000000e+02, ...,
        2.10000000e+01, 4.00000000e+01, 3.33333333e-01],
       ...,
       [4.18000000e+02, 4.18000000e+02, 4.18000000e+02, ...,
        0.00000000e+00, 9.00000000e+00, 8.33333333e-02],
       [4.18000000e+02, 4.18000000e+02, 4.18000000e+02, ...,
        0.00000000e+00, 8.00000000e+00, 7.69230769e-02],
       [4.18000000e+02, 4.18000000e+02, 4.18000000e+02, ...,
        0.00000000e+00, 8.00000000e+00, 7.69230769e-02]])]